696.2615,
701.3749,
692.3361,
714.9031,
736.5479,
721.4693,
680.5937,
679.7358,
744.7612,
716.7303,
727.2018,
689.5346,
680.7903,
721.5637,
729.1143,
646.601,
675.6954,
717.3611,
697.5707,
671.3785,
727.9378,
642.5316,
715.6083,
683.3441,
752.1013,
688.1294,
684.1915,
707.7043,
717.7693,
660.7482,
713.9742,
698.4216,
651.9382,
641.7469,
680.2374,
690.4393,
711.4432,
669.7696,
653.0137,
720.3093,
713.6908,
673.1684,
695.3943,
694.4274,
692.0328,
664.8654,
699.7251,
662.9522,
686.6432,
663.6929,
655.0148,
701.3015,
630.8393,
694.7564,
689.2593,
699.9982,
707.4782,
700.8457,
693.0009,
683.3995,
693.451,
700.3732,
700.1318,
653.856,
673.1988,
671.1546,
707.8297,
687.158,
732.0415,
703.7075,
649.0198,
715.5069,
711.3663,
617.7938,
681.6556,
693.8499,
625.8261,
704.1881,
667.572,
694.0804,
686.0813,
718.5833,
686.142,
679.6765,
679.4231,
654.3272,
697.1758,
694.3061,
661.0571,
712.9352,
682.2929,
668.7053,
671.9357,
663.3619,
703.1706,
681.1815,
712.8673,
717.2438,
694.8896,
725.6807,
720.881,
679.5768,
669.9065,
704.297,
693.3581,
666.2305,
652.9714,
677.2698,
671.631,
693.7984,
587.0223,
689.2693,
691.9627,
694.9616,
671.8998,
717.8392,
660.3862,
693.5563,
612.2327,
687.754,
672.3323,
695.4374,
697.7996,
700.187,
667.9486,
719.6216,
655.4564,
658.6412,
671.4236,
716.9684,
699.0324,
669.4858,
639.1701,
743.6051,
716.3217,
715.4109,
669.9285,
688.652,
650.3145,
690.3146,
641.6957,
703.7587,
731.4097,
697.0518,
715.6794,
669.2691,
676.8201,
693.8342,
708.9811,
699.4494,
746.3467,
699.8773,
710.848,
666.2844,
697.6548,
744.7875,
729.4918,
699.359,
725.9841,
706.0912,
677.2578,
656.6541,
648.7167,
725.9258,
655.1815,
700.3372,
707.7397,
666.5555,
692.9335,
708.8867,
649.0608,
680.7092,
691.6547,
676.2868,
698.1738,
690.93,
736.9449,
719.0435,
642.7607,
723.1744,
688.5167,
685.0776,
673.0693,
657.1562,
683.3177,
641.866,
674.3961,
696.6832,
684.2316,
689.051,
684.6031,
686.3867,
713.1497,
698.9525,
718.0635,
703.6357,
694.9433,
629.6712,
699.3422,
644.35,
670.7512,
657.0618,
698.2697,
714.8743,
677.9297,
708.2409,
681.1045,
703.4939,
703.8163,
692.4099,
707.5336,
660.3357,
652.5898,
693.9458,
686.8878,
688.8862,
674.0125,
672.6839,
697.2549,
670.9088,
625.4759,
673.7339,
720.0057,
653.8721,
725.912,
718.9077,
713.0648,
725.8499,
690.0199,
690.4677,
689.7812,
694.4633,
690.3423,
671.2626,
657.5257,
687.5754,
686.9877,
695.9492,
678.5973,
707.495,
702.1255,
663.2245,
648.724,
666.9347,
684.6725,
675.9843,
718.0159,
685.9814,
699.0223,
723.6358,
687.9916,
712.5281,
691.3123,
670.4784,
679.8879,
708.4361,
698.7941,
739.9945,
697.1879,
706.1041,
684.2057,
690.29,
659.7656,
686.4127,
702.8538,
718.0655,
635.5731,
651.3303,
665.2957,
678.9683,
724.6837,
665.6182,
732.9902,
679.1484,
688.463,
705.9939,
675.878,
681.9641,
689.1506,
702.5679,
680.8216,
662.1678,
639.9715,
628.1819,
671.1131,
705.5587,
722.8649,
701.6306,
686.9606,
715.8256,
692.8807,
680.2933,
651.0202,
699.2192,
661.3821,
730.2338,
715.9531,
707.6477,
707.8004,
716.3944,
685.8193,
713.7165,
724.1984,
707.1016,
705.9648,
722.7868,
687.9978,
672.4869,
633.5731,
688.3973,
670.1968,
698.9283,
700.6035,
708.6812,
716.8701,
721.551,
693.7274,
684.0026,
653.9449,
710.3462,
682.8088,
712.2034,
685.3177,
701.6335,
697.4231,
691.4992,
683.925,
680.3701,
684.3046,
683.9685,
744.9686,
648.8453,
661.7735,
730.5413,
665.9641,
714.5301,
720.3224,
703.5255,
695.1693,
719.7514,
696.3512,
723.4879,
692.8723,
647.8889,
702.2324,
730.2157,
730.9061,
713.0723,
630.4415,
682.101,
713.8487,
675.0436,
597.3004,
712.6316,
665.0863,
677.0798,
714.5122,
713.8127,
708.1466,
698.1824,
684.0957,
702.9379,
713.6022,
667.3456,
687.8136,
715.991,
683.5796,
703.6501,
708.3311,
695.2093,
684.0977,
666.4788,
717.4821,
680.7863,
677.3666,
696.4919,
702.1882,
673.1517,
708.003,
720.4041,
669.6751,
721.1886,
713.0341,
715.3671,
670.2256,
641.8884,
713.6583,
732.6123,
672.9941,
692.8241,
719.8765,
698.9443,
693.7121,
676.3698,
673.1011,
687.1954,
726.1714,
723.157,
689.6585,
712.7022,
724.9361,
704.733,
644.8423,
718.3345,
682.8518,
671.3302,
731.129,
724.6635,
701.9734,
682.9669,
690.9199,
719.5927,
643.5419,
684.0167,
685.5272,
711.0283,
676.8422,
688.0362,
696.0204,
618.0276,
716.0819,
675.8942,
681.8801,
669.2198,
698.0167,
693.7686,
715.0598,
712.2354,
709.6039,
700.9422,
672.9786,
657.0675,
659.4279,
689.2303,
664.1014,
707.0122,
689.6849,
704.432,
657.4046,
678.2214,
693.0854,
731.3536,
722.1988,
675.3556,
720.6762,
704.8671,
682.2761,
688.6903,
697.0851,
715.0944,
707.7358,
689.5962,
735.1019,
714.1306,
684.1243,
685.6957,
714.5538,
689.1525,
664.0659,
694.1612,
636.025,
695.697,
702.3443,
685.7205,
719.1192,
709.3259,
707.4813,
678.5301,
678.2495,
682.3007,
667.1343,
734.0997,
640.0625,
746.7991,
691.5481,
723.1896,
713.9547,
703.6594,
717.6807,
687.1523,
689.7733,
708.7957,
713.5926,
684.4763,
708.8014,
656.7194,
718.9299,
673.5413,
697.4146,
702.3633,
702.4407,
697.8162,
683.951,
706.5449,
697.9999,
696.3172,
719.7258,
743.0799,
703.9799,
643.9316,
681.5798,
744.4274,
698.2357,
673.9445,
677.9019,
677.6714,
711.8963,
669.2418,
707.4437,
671.4225,
662.3481,
682.5039,
733.5314,
687.9125,
710.6862,
650.6826,
710.4883,
728.6299,
672.6057,
659.6481,
714.3152,
653.55,
692.2939,
678.6464,
721.3891,
676.547,
676.4823,
728.3302,
712.6229,
665.0718,
694.5271,
667.0756,
724.1758,
677.7287,
698.5663,
709.9775,
695.1916,
727.1604,
666.5091,
685.6929,
682.8243,
729.1529,
726.1154,
678.1484,
714.4636,
686.8143,
656.1685,
688.2363,
704.1366,
717.4246,
720.8382,
655.2732,
698.787,
693.1019,
703.4294,
681.0078,
693.6747,
664.7768,
714.7211,
689.6938,
663.4865,
699.0576,
704.9544,
681.1672,
724.1676,
737.3217,
706.3358,
683.5391,
673.0542,
693.259,
738.9146,
699.7227,
673.5366,
680.2112,
641.4513,
669.7217,
749.8289,
662.8026,
681.491,
661.5496,
655.9871,
694.1295,
698.338,
708.6165,
715.0896,
703.6855,
657.2584,
654.6078,
667.9254,
721.9146,
692.2135,
696.1916,
730.6877,
694.1185,
671.0009,
667.1497,
697.3381,
693.4726,
713.7793,
748.1679,
351.8975,
