706.1174,
731.1207,
736.9457,
624.7064,
748.0463,
718.8905,
715.965,
718.1916,
668.5742,
693.2025,
733.7067,
679.9767,
721.4495,
726.4908,
701.8052,
673.7875,
689.2949,
721.7786,
693.0656,
680.9987,
711.4104,
737.7578,
619.9114,
718.7378,
709.3038,
714.6041,
709.1562,
711.3276,
707.8949,
690.9363,
709.6879,
702.9385,
710.5687,
673.4385,
724.8306,
666.0247,
694.052,
676.5396,
697.7156,
696.6036,
668.3734,
711.1414,
716.5295,
747.7286,
741.4152,
732.3158,
667.5961,
711.6476,
748.8401,
702.7711,
699.3384,
692.088,
722.0031,
694.623,
737.2206,
739.5064,
732.5009,
736.7519,
671.307,
694.8162,
741.0056,
684.3661,
671.366,
744.033,
679.3339,
651.1089,
728.3569,
687.6985,
705.4617,
730.431,
735.5856,
722.1757,
704.8543,
715.1754,
675.3091,
735.446,
683.6429,
702.1659,
681.5861,
752.2908,
716.5589,
749.1114,
677.4779,
737.2,
722.0609,
728.8849,
707.8494,
711.2177,
704.8386,
724.7019,
719.8083,
680.9687,
747.1826,
730.6517,
683.7495,
728.3731,
697.0477,
718.066,
707.7495,
751.4464,
693.5356,
745.6074,
749.5582,
714.1922,
715.1649,
722.505,
716.5057,
708.9052,
709.7634,
720.3044,
697.3414,
710.2839,
689.1328,
702.783,
731.5109,
674.2607,
751.4094,
711.3556,
705.1619,
690.1155,
720.2871,
732.316,
758.0317,
717.5313,
745.3982,
690.272,
725.0745,
671.0762,
660.8989,
766.9962,
727.2845,
702.2692,
755.2207,
723.612,
722.8145,
678.3032,
693.0938,
708.8956,
721.7521,
735.4596,
740.8963,
743.1871,
677.9139,
707.2654,
711.9656,
736.0875,
702.9888,
681.1747,
728.1522,
709.1951,
724.481,
690.8731,
737.5493,
696.4998,
719.2487,
732.5121,
747.1266,
699.4366,
723.4025,
714.0725,
715.2725,
716.0656,
724.8982,
684.505,
666.0985,
741.3446,
712.1426,
710.3622,
714.3886,
717.4495,
703.59,
763.4981,
690.1614,
663.5603,
698.2482,
718.7055,
660.7577,
673.2698,
711.6295,
734.1472,
715.6797,
728.5922,
677.3314,
693.6365,
712.921,
714.0953,
689.3555,
693.0842,
723.1252,
713.7035,
663.1049,
702.0593,
671.7245,
682.6162,
739.131,
675.1458,
741.9414,
738.0853,
687.1685,
702.6565,
726.2554,
700.6865,
720.8108,
741.1621,
739.9377,
686.495,
724.3287,
721.1799,
739.4135,
712.0851,
725.0637,
743.1095,
764.1099,
688.1432,
696.8399,
730.4757,
682.6765,
694.6782,
710.1628,
713.2817,
744.5999,
677.3669,
716.658,
706.5978,
696.4504,
732.1896,
700.3458,
691.1821,
705.5926,
743.4664,
710.371,
715.3484,
621.7321,
728.8615,
746.3149,
716.86,
710.3325,
703.6705,
726.0751,
741.4362,
687.8947,
717.5509,
730.6347,
711.2322,
700.4105,
692.6201,
674.7669,
683.9751,
730.8762,
671.218,
756.3915,
720.5074,
710.1797,
694.1756,
748.6821,
687.7819,
724.7444,
729.3994,
715.2718,
696.3595,
707.3729,
728.0411,
707.8154,
684.4645,
713.5126,
725.5175,
623.717,
717.4883,
728.739,
677.9257,
629.1027,
753.3016,
721.0215,
723.6378,
699.1945,
730.938,
687.9559,
732.5663,
729.6389,
760.6367,
678.7188,
680.2333,
743.7117,
735.0312,
728.7261,
705.3375,
678.9487,
709.6859,
704.3376,
690.241,
685.2499,
682.8768,
693.1821,
688.8568,
726.7764,
724.3194,
739.7507,
699.2742,
709.4649,
687.3953,
699.6789,
698.6205,
751.0841,
713.3638,
764.9763,
718.1237,
682.6255,
701.8665,
687.6963,
717.6981,
723.4394,
748.0035,
704.5629,
698.6069,
742.5999,
689.7516,
717.6315,
685.8016,
720.0754,
674.8361,
731.0408,
752.8406,
703.5378,
691.1716,
702.7778,
703.4019,
702.1836,
693.7686,
715.1907,
667.3397,
731.1974,
704.0876,
712.9059,
687.9294,
697.0361,
712.1741,
691.7603,
708.9886,
743.7053,
689.8718,
668.8454,
691.0693,
710.4423,
730.2577,
726.7444,
727.699,
687.9479,
702.6119,
699.1655,
754.6413,
681.4761,
691.3778,
694.4266,
740.2885,
716.3622,
680.9797,
709.0082,
716.4523,
709.7633,
709.3851,
728.9749,
713.9265,
686.2802,
693.5253,
669.393,
709.1908,
709.7216,
675.7018,
724.1325,
690.7671,
732.2512,
720.4492,
702.3353,
716.7219,
739.3215,
659.7312,
688.1098,
653.3058,
676.1617,
660.9556,
696.0402,
699.3101,
693.681,
739.4479,
682.1096,
675.2426,
720.2241,
725.499,
717.8599,
712.6536,
691.7634,
648.8239,
715.3917,
727.5157,
714.9103,
706.6149,
691.4477,
684.1918,
664.2324,
729.8201,
717.8727,
701.1029,
739.6276,
724.3519,
708.3182,
717.2418,
688.5278,
726.4881,
734.4792,
691.1308,
687.1243,
750.6635,
690.7628,
708.8406,
672.383,
736.7235,
663.6829,
727.2468,
699.5193,
708.6924,
719.8047,
695.4022,
729.6753,
691.3484,
741.0174,
686.8672,
685.6925,
672.0646,
728.2596,
729.7532,
733.6187,
703.7922,
744.0903,
719.7777,
712.155,
700.4981,
670.2377,
720.09,
698.6572,
761.879,
709.712,
705.2448,
717.9053,
684.1129,
717.9448,
665.1998,
743.9022,
687.4774,
730.6082,
686.8679,
694.3101,
760.1749,
696.8577,
703.2214,
680.4734,
722.8984,
715.6693,
697.0887,
724.6537,
680.2941,
717.9941,
706.7054,
686.1251,
732.79,
668.1574,
729.39,
706.3806,
670.3884,
699.4614,
733.8729,
729.7991,
714.2089,
637.0272,
694.2571,
675.4919,
679.3336,
677.2204,
715.6592,
725.6119,
737.5392,
690.0556,
701.3602,
746.4195,
693.8559,
663.7184,
707.4372,
684.1468,
679.7424,
695.3032,
735.3533,
759.113,
700.5037,
691.6251,
709.2732,
696.8985,
716.851,
716.4586,
733.9644,
729.3707,
683.1437,
681.3483,
682.2319,
699.3265,
721.4102,
677.756,
686.3185,
731.9839,
708.1302,
697.3622,
709.7571,
713.5842,
748.0747,
691.6976,
731.313,
675.3029,
747.9196,
737.4849,
715.3687,
726.6818,
707.0473,
692.7709,
683.1006,
704.6757,
710.531,
725.5677,
733.2822,
697.1306,
721.6148,
679.0587,
674.9156,
706.6219,
689.1784,
692.3638,
746.0689,
732.8653,
694.0436,
734.437,
698.9905,
685.8494,
706.2678,
702.6539,
726.4598,
696.4052,
680.4219,
700.6719,
725.2107,
690.9248,
700.8952,
736.1199,
699.3939,
683.6506,
663.2986,
707.4191,
629.0872,
761.8818,
705.5406,
695.4705,
696.7593,
726.4291,
723.3948,
718.2031,
715.3118,
683.8298,
724.1186,
676.7654,
723.3027,
679.6249,
683.4916,
708.4006,
708.9305,
729.4611,
717.0585,
746.2078,
717.9702,
706.5177,
697.4184,
742.9907,
709.4026,
713.8756,
709.5326,
724.1965,
726.1619,
680.1477,
704.7733,
675.205,
673.8773,
677.6284,
718.3129,
689.2515,
710.6306,
729.9844,
689.43,
718.04,
701.7635,
718.8261,
721.0049,
733.2877,
743.8825,
651.475,
690.3962,
311.7195,
