782.2343,
792.662,
783.7077,
765.6768,
798.2372,
752.4398,
756.7202,
784.4654,
783.1165,
780.335,
776.9921,
745.2205,
703.6319,
801.6795,
807.8952,
754.2815,
755.9668,
774.609,
789.2885,
745.8065,
786.5524,
735.9065,
789.0344,
747.7148,
765.999,
741.6824,
807.7205,
771.3834,
760.0943,
809.0604,
753.9868,
761.9333,
824.4835,
800.7843,
747.2751,
802.0563,
802.0397,
827.5854,
755.1541,
789.2694,
798.7202,
788.1165,
757.9421,
807.9337,
781.3026,
807.5995,
783.2892,
753.6332,
818.4736,
727.7527,
726.3447,
767.1841,
741.1753,
764.7137,
776.1833,
760.1053,
793.8449,
768.4043,
763.7481,
706.6492,
760.4016,
796.1215,
759.465,
749.2013,
730.9597,
758.2856,
820.672,
779.8436,
810.2371,
790.8634,
729.6626,
737.4123,
755.4387,
781.2239,
798.3845,
777.0082,
728.6033,
747.8395,
781.3093,
806.1705,
671.2673,
788.3448,
794.8585,
812.5573,
747.7943,
785.1305,
757.2962,
732.4177,
757.4644,
767.8271,
797.6094,
797.7105,
706.5512,
805.7861,
763.9565,
796.5443,
776.6974,
816.2665,
699.1124,
789.3094,
773.5132,
826.402,
728.2892,
816.7264,
760.6948,
779.6018,
730.0892,
769.4663,
800.0695,
801.9557,
772.2529,
804.4478,
731.5412,
759.6385,
754.0119,
763.2757,
735.781,
716.0995,
782.713,
778.1278,
777.9422,
791.5013,
819.2097,
800.5894,
791.33,
726.9078,
801.6509,
759.051,
751.7961,
775.6722,
745.7592,
777.1567,
774.6064,
778.6943,
783.6628,
771.014,
789.7005,
754.0475,
805.1008,
802.465,
796.0697,
789.1397,
748.9761,
751.531,
761.2531,
802.3391,
776.0423,
767.0804,
785.1055,
761.6583,
775.8679,
698.2672,
782.748,
809.4116,
770.3123,
791.1178,
729.066,
798.2557,
793.2552,
758.608,
767.5071,
757.5376,
785.6325,
799.7111,
767.2785,
798.9786,
719.7423,
747.2917,
786.4208,
775.5417,
768.8096,
795.5265,
779.1279,
714.3994,
773.3862,
779.2954,
786.6207,
745.2516,
831.0609,
740.2175,
778.1169,
738.037,
813.4301,
829.4662,
764.973,
798.1697,
783.232,
769.2444,
760.8963,
785.7295,
781.1835,
802.4719,
758.5504,
813.1266,
722.4797,
789.9631,
760.6345,
794.5599,
767.3619,
737.3864,
757.4941,
763.9615,
746.6672,
779.0901,
792.2894,
768.7213,
763.0325,
782.8933,
788.7947,
766.8907,
770.3348,
803.0227,
819.5603,
736.4614,
786.0511,
796.7402,
795.4807,
787.1762,
785.6071,
824.1757,
747.6089,
749.3954,
781.0694,
770.6173,
781.2515,
801.2384,
767.9738,
764.2236,
806.0209,
769.1979,
766.8405,
684.9688,
734.8336,
773.0331,
760.4551,
797.725,
742.8304,
750.645,
816.6529,
799.567,
799.2086,
758.7856,
803.3463,
728.6553,
795.2189,
755.4283,
698.2997,
706.6379,
759.2813,
800.1708,
799.781,
799.73,
820.0269,
735.1923,
783.9468,
807.2224,
768.6595,
778.3578,
773.7167,
783.7592,
782.1074,
779.9463,
773.2499,
790.7432,
750.6058,
794.7092,
750.7708,
749.0645,
757.229,
757.8815,
771.5211,
788.2701,
755.2109,
764.6185,
796.3244,
784.6639,
807.0918,
766.4279,
797.6912,
787.8556,
729.3149,
777.379,
755.2358,
805.7197,
716.0201,
789.6722,
773.7267,
770.1406,
755.1894,
779.2202,
779.6276,
758.8289,
772.932,
766.2234,
765.6218,
769.7076,
779.0244,
744.4333,
795.5731,
774.2534,
824.4645,
787.27,
720.0145,
784.1396,
798.3251,
812.8365,
776.8681,
794.535,
743.3651,
783.5257,
774.9603,
801.4792,
795.6512,
807.0307,
773.6686,
812.5526,
721.0335,
765.8574,
786.705,
803.5616,
741.4457,
712.8342,
759.5515,
773.2836,
807.1506,
829.7894,
758.8569,
793.4272,
735.3035,
773.2488,
770.4941,
768.873,
774.8796,
747.9907,
833.8807,
775.3909,
806.8077,
719.8099,
772.8109,
806.4591,
802.8354,
771.0792,
759.5436,
731.5181,
754.0989,
739.4075,
812.3317,
751.2653,
759.4779,
797.4933,
781.1496,
766.2616,
766.2708,
793.5667,
800.5014,
733.5767,
731.9569,
768.8278,
735.4371,
801.2374,
790.0241,
761.2092,
753.2303,
758.095,
841.3074,
795.4937,
777.0596,
786.8837,
755.6786,
787.3704,
784.4573,
791.4192,
744.951,
793.8905,
797.494,
726.8569,
787.2421,
767.2214,
767.261,
735.0589,
792.2106,
809.3409,
795.5686,
789.1887,
771.4498,
804.3965,
751.1967,
824.1233,
802.9665,
754.2068,
776.7101,
824.3036,
790.1591,
800.3091,
721.778,
791.814,
796.855,
788.0871,
783.5455,
832.1954,
708.6676,
764.526,
788.7697,
801.2437,
713.261,
765.6888,
768.0455,
795.1542,
718.8564,
767.5524,
738.5874,
766.8093,
800.7842,
733.8893,
768.0702,
752.093,
749.3101,
759.9343,
779.1542,
705.2291,
728.9518,
783.6541,
751.9168,
818.1677,
753.0455,
783.3405,
734.1902,
808.1279,
820.9937,
660.5215,
765.3839,
782.592,
820.7017,
765.4635,
737.2197,
834.7158,
811.9903,
779.5711,
798.877,
792.3376,
731.6758,
785.6558,
753.1433,
789.6164,
773.7349,
792.5608,
826.7358,
732.8607,
781.8356,
787.1189,
785.1239,
782.8467,
772.4385,
713.9918,
790.1757,
819.3398,
760.9124,
781.3094,
740.4297,
755.4834,
797.9564,
776.98,
778.174,
812.0078,
710.7814,
777.5707,
749.3965,
791.627,
785.4715,
762.9146,
735.674,
782.3783,
818.9983,
803.3001,
783.3093,
788.4243,
763.9943,
732.6613,
820.4828,
759.0443,
756.5346,
731.6309,
791.88,
750.5058,
754.2423,
767.1887,
801.5231,
779.6069,
797.9569,
724.0181,
799.413,
781.9149,
702.6643,
830.1497,
789.0754,
704.6694,
797.9722,
753.9333,
775.37,
718.7418,
707.7155,
754.9463,
719.0659,
754.5593,
836.4734,
782.6089,
803.098,
788.8118,
715.767,
762.196,
782.9063,
778.026,
780.2321,
815.1802,
749.7596,
779.1674,
757.7559,
737.5762,
737.1772,
790.5016,
730.7449,
802.5998,
799.6096,
822.8986,
726.5445,
774.1968,
836.9103,
719.5037,
709.7733,
761.6129,
756.6703,
760.7951,
770.8433,
784.144,
748.5671,
800.275,
780.4528,
772.8298,
810.3466,
755.8202,
799.8745,
776.2468,
765.7347,
808.6298,
759.5635,
755.6437,
744.0462,
770.5655,
811.4312,
781.3339,
794.0521,
805.303,
741.7977,
794.503,
780.3409,
815.8558,
772.705,
732.3905,
701.3425,
738.535,
739.0919,
722.6697,
783.074,
744.8804,
766.0146,
762.1537,
782.1129,
751.4089,
741.6015,
766.6832,
713.3328,
779.9659,
774.839,
685.7933,
766.8396,
773.3522,
783.5226,
745.2874,
735.3779,
751.0036,
783.5574,
758.6194,
766.8813,
680.5784,
769.0737,
822.5566,
744.7791,
791.9733,
722.853,
772.7441,
690.2612,
783.6489,
783.8685,
798.7798,
794.1271,
767.7144,
784.2664,
727.2728,
789.6324,
810.6642,
271.2638,
