746.7202,
752.4655,
753.3065,
746.9253,
727.8292,
708.7971,
760.678,
773.4388,
755.1039,
762.6095,
787.4255,
696.9406,
742.8314,
761.126,
693.0766,
745.7562,
751.3419,
729.769,
754.1304,
679.843,
732.3183,
746.6247,
662.7859,
719.4817,
699.7773,
729.2798,
727.1347,
776.2521,
768.2983,
724.1615,
743.675,
770.7805,
750.434,
693.2931,
712.9303,
753.6053,
721.9903,
741.152,
746.9625,
795.2854,
809.0438,
717.4314,
733.1575,
729.1602,
718.5562,
753.2769,
765.6165,
749.1432,
728.5422,
738.2427,
728.088,
732.3204,
766.9693,
710.0605,
748.6876,
721.6299,
754.184,
781.824,
731.4332,
758.4557,
788.0425,
723.1486,
750.8296,
723.4628,
723.446,
692.9626,
758.335,
729.9181,
747.7586,
728.6088,
773.6605,
754.2939,
740.0595,
775.111,
700.8492,
734.1528,
771.7889,
780.7769,
693.0375,
731.9576,
674.7984,
715.0015,
740.0903,
749.6579,
726.3662,
696.1713,
695.0096,
751.5563,
693.6747,
736.3756,
731.9758,
739.7452,
746.0258,
754.1074,
703.9968,
747.8419,
712.7908,
739.1218,
665.342,
755.1657,
699.4904,
750.0626,
763.3449,
665.4205,
755.1832,
702.5383,
745.0307,
728.7623,
710.2609,
711.0457,
751.9575,
766.3682,
755.5757,
658.1335,
766.5725,
705.3615,
755.5271,
758.5197,
735.2198,
766.2624,
750.5367,
724.5505,
754.1973,
758.4794,
749.8693,
756.3386,
752.045,
773.3978,
738.2951,
736.7083,
727.1759,
752.011,
737.9936,
752.7299,
733.5872,
742.148,
709.929,
726.9843,
736.3676,
710.321,
710.1603,
774.2603,
725.3524,
783.3037,
743.4233,
685.0326,
709.7529,
710.9795,
757.3016,
764.5251,
750.0231,
733.2888,
751.7883,
716.8586,
724.3005,
724.0462,
729.3928,
749.5685,
773.7938,
714.2155,
703.7464,
750.554,
754.8815,
770.3089,
755.8041,
750.1164,
736.9714,
767.5908,
759.2587,
732.6107,
768.0592,
717.8308,
678.6687,
733.8895,
763.5217,
725.2833,
763.2355,
775.7836,
751.6368,
706.5105,
781.5611,
749.0861,
724.7191,
766.0496,
740.548,
793.3346,
730.5683,
735.1946,
771.6583,
761.4344,
741.6461,
733.6834,
743.6106,
731.3349,
703.2133,
749.2623,
745.4334,
762.6518,
686.8789,
692.5492,
738.9797,
739.9991,
704.674,
716.9966,
685.1577,
719.8937,
744.9437,
755.1168,
781.4546,
722.1361,
713.2017,
769.9066,
721.6522,
728.0486,
765.6619,
753.2308,
718.7914,
757.7721,
748.7408,
738.3424,
699.0768,
748.0967,
777.0089,
726.7093,
765.5422,
744.1281,
732.6481,
670.68,
709.6729,
694.7002,
721.9973,
760.3406,
793.0629,
763.5557,
751.7657,
765.3829,
721.8711,
736.2821,
736.5662,
759.4233,
730.4543,
697.742,
738.6639,
664.3473,
785.8689,
732.1991,
733.3224,
775.8407,
749.1134,
735.4306,
732.0878,
784.4471,
721.8669,
736.6519,
727.0229,
729.545,
735.7206,
702.1777,
755.0518,
734.8684,
725.8545,
728.4293,
719.0355,
725.623,
732.882,
690.1553,
684.3585,
777.0316,
705.2155,
747.189,
785.6326,
759.1475,
677.9285,
760.9255,
754.9765,
728.9809,
722.5029,
733.9401,
715.3685,
694.2673,
755.3922,
715.8271,
752.3743,
766.951,
739.6002,
741.2004,
737.5166,
743.0102,
678.1911,
682.9872,
773.2606,
723.434,
777.7509,
737.4932,
743.1061,
768.2552,
782.8653,
731.6488,
764.9109,
772.3253,
719.4935,
753.821,
750.5319,
654.4142,
751.9908,
780.5099,
737.3529,
726.7224,
675.3577,
743.1367,
738.1668,
725.2404,
725.0696,
713.8556,
712.1269,
691.7153,
730.5865,
734.8699,
758.7308,
716.0832,
767.3236,
757.4629,
693.1805,
751.7208,
753.2269,
755.4566,
741.2817,
705.9052,
738.3894,
729.6642,
744.5986,
734.3266,
725.39,
721.5031,
692.1385,
751.8578,
708.8934,
742.5829,
719.2067,
745.5293,
750.681,
742.2026,
717.1875,
709.9455,
708.9674,
721.1538,
753.5782,
751.8194,
766.5871,
694.4823,
768.4796,
755.2071,
715.9474,
679.9739,
727.3963,
755.7191,
759.9838,
751.9106,
782.2568,
780.5188,
713.7551,
703.4974,
710.8538,
740.6806,
744.0477,
735.2667,
708.2509,
724.7751,
720.9269,
776.5219,
756.1923,
679.8713,
773.2374,
756.8028,
735.6227,
687.2507,
723.2878,
735.2292,
774.0839,
740.0669,
789.8422,
749.6683,
709.8474,
765.5505,
753.588,
771.3814,
749.9545,
734.0983,
736.7958,
759.1143,
727.916,
709.3489,
709.496,
681.9235,
716.5049,
771.9462,
745.9075,
719.759,
738.5659,
734.0515,
776.6851,
774.132,
716.2365,
701.4805,
708.194,
736.693,
742.7023,
716.1436,
756.5871,
755.162,
743.851,
760.538,
754.0637,
772.0074,
748.6609,
752.7917,
684.1071,
733.2318,
697.9435,
770.1941,
663.5612,
741.8069,
714.6298,
691.9337,
741.6586,
696.9045,
738.1505,
777.5624,
749.1199,
771.7773,
704.0015,
745.3823,
747.4793,
648.5233,
739.5948,
706.4451,
748.5511,
757.0828,
786.6979,
772.7208,
735.2549,
710.3763,
696.382,
749.6335,
786.4494,
742.8466,
761.8349,
772.7086,
641.5895,
725.6301,
704.7496,
723.0609,
731.105,
753.635,
730.004,
758.2574,
730.4807,
725.241,
745.9078,
762.7159,
723.2146,
736.3912,
723.9417,
772.3096,
746.2218,
710.5019,
773.7192,
727.3883,
747.4529,
763.8307,
773.9082,
743.5023,
701.317,
723.7037,
759.1724,
739.9417,
745.5854,
752.9829,
720.642,
736.2345,
700.838,
701.8338,
737.0113,
741.261,
751.5662,
724.998,
802.2711,
720.4785,
730.2493,
782.9487,
735.7691,
700.7147,
766.2299,
787.0207,
765.5034,
770.6196,
707.027,
728.4153,
751.2275,
762.924,
785.715,
747.8986,
767.2557,
718.3953,
738.3043,
746.1979,
768.7523,
715.243,
773.1637,
753.0423,
765.1663,
720.2023,
720.9326,
728.4166,
700.8387,
786.882,
767.0188,
724.5215,
723.4092,
680.8693,
765.4545,
680.4611,
760.6645,
705.0469,
734.4776,
755.6719,
731.4333,
770.5142,
705.3947,
692.119,
663.1637,
768.9939,
698.8441,
770.1149,
804.6177,
693.2499,
774.1368,
728.3524,
688.5236,
723.0706,
751.5655,
750.5921,
657.4637,
707.2825,
753.2892,
708.2056,
782.0727,
773.9352,
742.0487,
744.356,
754.2069,
732.6344,
730.3961,
690.6256,
735.0971,
748.4622,
726.4081,
751.9438,
739.6207,
712.9527,
757.3376,
766.8195,
726.0796,
755.8502,
710.3635,
736.8535,
753.4417,
718.4412,
735.1953,
778.4462,
763.1284,
719.1916,
762.1566,
739.8002,
760.3856,
778.8115,
720.3013,
743.9745,
680.4046,
759.7121,
732.0201,
770.7068,
752.757,
698.0261,
783.8069,
716.0207,
758.4645,
736.6335,
758.7225,
719.5142,
720.946,
730.1601,
753.2867,
721.9606,
692.6816,
729.8035,
731.1508,
743.5782,
775.7341,
734.6262,
358.4648,
