789.4186,
770.7485,
764.6077,
794.6504,
788.8325,
748.0287,
789.6385,
840.7569,
738.7441,
830.762,
810.2902,
743.6617,
734.5592,
798.5718,
808.9783,
813.7374,
796.1727,
790.6975,
798.5202,
692.2494,
822.0459,
747.2505,
833.0813,
790.6122,
785.7223,
771.3251,
815.6344,
793.1116,
804.5563,
778.2753,
777.3837,
792.8951,
772.8933,
792.8276,
808.2605,
834.0577,
737.7533,
747.807,
782.231,
774.3942,
781.1151,
779.1432,
725.0883,
834.2692,
756.003,
778.7784,
775.4215,
783.6553,
801.9918,
771.2735,
764.7778,
769.7961,
790.1864,
836.9889,
745.0142,
794.7966,
801.5104,
823.0045,
765.1256,
703.6616,
827.2859,
812.0604,
806.2773,
780.1106,
802.1507,
754.4857,
818.1976,
788.9646,
760.4398,
768.8189,
767.6339,
801.3039,
833.3685,
771.725,
807.4885,
782.1752,
769.4208,
795.5719,
832.04,
822.5261,
791.4312,
750.3096,
786.1208,
764.7476,
778.755,
794.8124,
832.8315,
802.956,
811.5148,
791.5659,
796.6276,
781.5156,
715.1794,
766.449,
759.0948,
785.3702,
814.6981,
792.0571,
810.1145,
760.7098,
845.9317,
754.632,
819.467,
773.3232,
810.535,
805.4295,
807.1912,
755.1764,
799.5708,
746.6706,
817.0101,
769.7447,
854.2065,
774.3105,
734.0231,
765.6956,
795.8699,
803.1,
754.7459,
802.1657,
748.276,
801.4905,
768.8727,
771.1777,
799.3285,
779.703,
852.4028,
824.3126,
806.5855,
812.3837,
808.144,
819.1575,
780.9343,
803.1485,
750.1085,
728.1501,
815.9883,
861.6691,
821.2985,
811.0772,
779.0104,
787.5878,
773.1961,
804.7826,
742.3306,
750.1548,
796.1784,
828.2837,
774.695,
787.76,
765.115,
786.3293,
795.368,
798.0988,
838.8984,
683.5601,
792.9623,
808.1608,
765.9889,
839.5071,
809.0793,
810.2281,
795.282,
761.2397,
786.3308,
778.4159,
767.8773,
849.0357,
794.5295,
795.257,
756.3995,
806.9078,
790.4211,
800.0046,
790.4979,
734.8649,
841.5436,
758.2492,
706.8733,
809.4951,
778.4681,
735.2687,
787.7118,
809.2168,
775.9438,
813.88,
797.5016,
813.8049,
778.919,
743.7909,
733.2319,
727.6824,
789.0515,
811.3412,
791.6644,
770.012,
801.5665,
802.4785,
800.4206,
773.7212,
786.5558,
752.9246,
747.611,
804.7536,
798.178,
783.6144,
824.8195,
783.6058,
803.9717,
810.5599,
838.0356,
801.6474,
760.825,
805.6234,
825.496,
811.1044,
811.1191,
773.3179,
820.455,
790.509,
764.7813,
736.0812,
790.9133,
789.9333,
805.5085,
755.3917,
807.4406,
765.5842,
750.9939,
736.5006,
810.5537,
781.2813,
794.7227,
804.0743,
775.484,
773.0692,
791.3846,
783.6082,
802.4378,
712.5688,
772.1295,
767.5671,
771.7723,
802.0485,
793.0153,
749.2708,
783.8376,
794.7899,
825.9201,
793.6955,
798.6631,
808.7446,
834.8135,
785.7629,
821.5009,
789.2003,
840.4175,
805.8758,
780.1304,
763.8029,
735.106,
799.0468,
731.8881,
830.1421,
796.2285,
785.4431,
790.7294,
811.269,
809.7641,
760.0251,
809.7734,
778.9108,
749.5842,
823.4644,
797.8017,
753.3486,
769.9161,
788.1879,
773.3289,
806.0715,
798.7149,
817.6708,
790.5114,
779.0621,
793.0986,
795.1243,
738.9658,
788.2706,
822.266,
794.7104,
836.3738,
816.3328,
753.1139,
660.7573,
834.3984,
777.8713,
717.6743,
715.8053,
796.8707,
759.6115,
804.7382,
773.4197,
801.4737,
781.3745,
781.5386,
738.1719,
721.7501,
817.5217,
808.1193,
805.8246,
790.4182,
785.0344,
774.5945,
797.6633,
831.9259,
811.7495,
769.5298,
809.6386,
780.0953,
772.7635,
817.132,
771.0488,
785.1313,
775.8942,
826.6616,
705.1562,
824.4763,
775.3578,
802.9742,
793.8754,
790.2109,
820.2317,
775.6837,
798.6785,
829.539,
807.3428,
763.0704,
813.6293,
807.3388,
799.5979,
811.4579,
765.9469,
743.907,
778.0465,
803.5807,
791.825,
790.5426,
771.753,
806.8371,
809.0554,
726.5459,
773.6741,
767.6189,
805.9379,
818.3092,
786.6261,
775.0417,
796.8143,
780.4875,
821.5347,
808.7028,
806.5551,
779.6282,
818.7097,
798.876,
793.7838,
797.8946,
794.3896,
787.0291,
777.8145,
785.7656,
757.1466,
755.5806,
808.9892,
761.3687,
790.1283,
812.0584,
812.2016,
753.9335,
827.2023,
781.7758,
797.4865,
743.0731,
748.8876,
822.9706,
778.7963,
771.5261,
814.8352,
811.5515,
790.3032,
837.2366,
837.9108,
777.0978,
807.8036,
801.3366,
807.1498,
811.7174,
822.9539,
761.7642,
748.8994,
805.7576,
822.0122,
792.9467,
763.7109,
804.942,
777.5789,
791.1535,
796.9036,
805.6617,
858.2741,
779.7646,
803.3815,
791.0764,
731.5728,
813.5098,
818.556,
732.2748,
734.7754,
789.4152,
774.1033,
792.4698,
731.507,
731.4904,
785.6935,
801.2742,
802.7167,
745.5665,
790.6512,
800.8369,
798.2218,
833.1711,
776.1595,
815.0755,
813.5051,
792.6568,
794.2335,
833.6083,
823.1113,
785.4951,
790.4452,
808.8029,
767.7731,
725.9774,
787.7336,
797.5576,
777.0317,
778.0034,
744.7885,
818.6958,
810.4582,
744.0262,
749.5094,
784.383,
807.8626,
820.891,
769.7556,
845.2775,
751.8964,
771.1514,
776.9563,
765.178,
788.1083,
824.1942,
788.8629,
785.6424,
797.5298,
824.4951,
790.3438,
792.0092,
733.0662,
824.9867,
830.0602,
757.2822,
737.8535,
726.3618,
771.6145,
843.6176,
734.0265,
826.5823,
808.6899,
802.6381,
805.3088,
711.055,
751.5364,
823.4206,
821.7412,
754.7421,
762.8989,
796.7261,
798.182,
786.3824,
770.0361,
768.7029,
825.558,
838.9722,
820.938,
758.3477,
757.3223,
783.566,
823.6013,
738.0121,
787.4169,
797.4013,
713.1453,
808.6006,
773.1843,
797.0684,
786.5153,
748.3398,
808.3076,
790.3194,
810.0759,
750.5564,
797.1967,
803.5908,
791.7411,
812.1763,
842.6028,
733.5645,
751.5229,
759.3992,
819.4164,
812.5798,
806.7747,
763.6793,
790.3669,
791.8839,
835.5589,
778.2164,
790.1713,
827.7513,
736.7187,
746.561,
826.7195,
781.5898,
735.0301,
816.3148,
828.9093,
800.6219,
767.2791,
811.8378,
783.4383,
826.8238,
788.2246,
793.1413,
806.4782,
816.1281,
827.3987,
809.207,
821.3416,
772.6701,
821.3533,
776.7408,
727.7736,
799.3098,
775.9121,
806.9759,
840.5258,
785.2333,
744.4241,
819.557,
847.266,
757.0436,
840.8196,
812.0061,
834.8723,
775.0087,
784.3999,
837.8724,
781.2175,
759.3737,
795.8162,
825.4648,
831.25,
787.1328,
865.6031,
739.827,
802.5742,
764.5867,
833.9626,
791.8372,
757.6613,
836.722,
809.7836,
779.0989,
795.1713,
746.5379,
803.5214,
790.4962,
780.2241,
824.3791,
802.3121,
833.072,
785.9156,
801.2817,
809.9026,
825.4742,
852.4022,
811.3207,
794.2617,
324.5396,
