700.7601,
707.0658,
704.4536,
761.0139,
727.8002,
761.496,
687.4961,
767.1546,
675.8875,
712.8647,
728.7076,
721.7474,
776.6613,
723.0644,
744.8248,
751.6929,
763.7401,
784.713,
645.7795,
674.3786,
765.9376,
754.4571,
721.5663,
799.8278,
743.3552,
767.0696,
726.0242,
716.3389,
757.4225,
714.4076,
714.4809,
706.2015,
716.5161,
718.5504,
736.4468,
709.0612,
730.7518,
714.1973,
696.6317,
715.3864,
761.2641,
782.7556,
688.015,
710.0079,
758.8946,
742.3755,
709.5333,
671.7358,
673.7646,
724.0222,
730.6756,
752.3997,
718.5255,
721.6528,
730.2734,
720.817,
731.2175,
754.2414,
767.118,
763.9739,
745.1498,
734.5232,
677.5101,
682.6489,
723.561,
693.6556,
757.2267,
745.9937,
740.2731,
726.3161,
693.8151,
762.8687,
730.2642,
720.1608,
688.8047,
690.3442,
703.5053,
722.4069,
717.7434,
732.7937,
726.7119,
771.911,
711.0815,
712.1464,
743.1957,
708.622,
761.6781,
741.8644,
740.3131,
764.098,
738.1413,
721.3453,
728.1155,
731.0569,
736.0688,
747.8732,
682.7397,
698.348,
743.0742,
702.0967,
731.0488,
754.6013,
702.1465,
644.5645,
765.3968,
731.6474,
774.2443,
711.4777,
726.8928,
717.7416,
717.9951,
711.7759,
720.5775,
724.8886,
668.2137,
664.1281,
714.3235,
742.9999,
706.0452,
736.1197,
744.8912,
660.7512,
713.0848,
714.4614,
733.1293,
714.554,
706.5765,
695.701,
729.2809,
739.1371,
728.7933,
716.1113,
773.5479,
684.2444,
715.5692,
727.5402,
758.2231,
746.7233,
712.4066,
754.4406,
786.3969,
698.3972,
706.4823,
716.5062,
685.017,
678.4013,
740.4997,
736.0905,
725.4271,
756.5134,
712.2641,
703.7888,
725.4381,
733.1938,
728.3293,
721.3051,
685.6627,
718.9286,
746.1318,
763.4058,
749.0078,
673.6119,
729.9026,
697.9122,
687.1752,
732.1345,
633.8237,
709.9507,
741.7077,
738.9709,
744.8801,
741.0943,
746.9406,
737.7842,
713.4708,
735.9767,
747.1571,
748.4669,
669.579,
739.3328,
741.8576,
741.2036,
749.5272,
728.8669,
761.6919,
759.9995,
732.8821,
758.6174,
772.6141,
736.5948,
769.9918,
763.627,
740.1678,
749.6766,
736.4517,
701.4956,
777.009,
722.9099,
695.1168,
726.4708,
718.3072,
741.8939,
749.3266,
710.6287,
641.7292,
722.4933,
738.3794,
738.6899,
726.7028,
734.6445,
726.36,
661.796,
794.9406,
684.0298,
755.6293,
713.4214,
706.3187,
707.3018,
739.8259,
730.113,
726.8653,
745.181,
728.8016,
674.1083,
778.2735,
731.6363,
724.7158,
740.5456,
679.4923,
719.2692,
716.7997,
721.7115,
719.2795,
690.6454,
730.5587,
735.3345,
738.6423,
674.8593,
742.0369,
682.3447,
700.9925,
767.1157,
647.508,
726.8611,
717.811,
749.0208,
729.5574,
751.0641,
715.6586,
720.5015,
721.6979,
719.1074,
725.5348,
716.2249,
681.0433,
717.9471,
710.5583,
720.7559,
778.8564,
656.4072,
731.5047,
737.0457,
725.3499,
680.1652,
674.7084,
712.6977,
761.416,
717.5527,
760.0386,
738.2015,
685.7393,
688.9404,
655.1252,
761.5139,
678.8291,
736.3376,
720.381,
727.8441,
758.1623,
729.2802,
740.4666,
762.9844,
738.6863,
739.7973,
751.1203,
726.4439,
711.5074,
756.7455,
742.6436,
776.7371,
702.0172,
754.3898,
725.4901,
716.6953,
756.0501,
714.1675,
746.5808,
708.8312,
774.4824,
722.7504,
683.9702,
733.4553,
676.7401,
767.6053,
712.0411,
696.6838,
755.7258,
748.2136,
666.764,
699.4036,
706.7451,
740.1,
721.2428,
687.011,
773.8511,
737.783,
763.2447,
753.0249,
762.5638,
733.9052,
686.0149,
726.8215,
734.0284,
740.218,
716.8176,
664.2726,
706.0546,
744.9324,
764.4893,
738.8152,
744.5822,
712.9114,
747.5419,
756.7518,
697.0492,
790.3809,
713.7356,
732.8082,
701.5283,
739.5117,
770.9851,
746.5016,
770.7292,
698.9021,
766.558,
778.771,
748.91,
757.6602,
731.0822,
698.1893,
759.3485,
727.6018,
687.9944,
683.3773,
758.5726,
743.6656,
722.5684,
725.7032,
652.1229,
686.3707,
755.3779,
729.0719,
755.8406,
719.7657,
702.3124,
713.8029,
759.6465,
740.4639,
739.8018,
667.9425,
722.0071,
735.0888,
726.4859,
731.0261,
716.0463,
739.8253,
673.7816,
742.4816,
716.9877,
776.1801,
747.6395,
742.8858,
736.2281,
688.7892,
743.9936,
704.3126,
757.3073,
723.6219,
764.9728,
687.9421,
739.6155,
714.4891,
759.3867,
761.7227,
778.8553,
756.9814,
747.4584,
720.9263,
737.2164,
751.1543,
711.6847,
713.5762,
724.6869,
760.7969,
752.7717,
730.1222,
738.0223,
742.8925,
720.056,
782.7587,
746.032,
735.1985,
680.8311,
710.8,
721.5852,
721.6375,
732.0494,
775.7148,
759.444,
716.9241,
711.2808,
729.7753,
657.1046,
718.4443,
779.0453,
699.8159,
728.3268,
698.2936,
721.2029,
741.6249,
707.9069,
732.5538,
709.5207,
761.0518,
713.9788,
765.355,
756.989,
769.8491,
795.5413,
671.6279,
722.2439,
683.9062,
707.6035,
721.9669,
741.7982,
697.1505,
695.9354,
746.9698,
724.0289,
719.125,
708.0601,
685.8121,
724.8143,
762.4559,
711.1609,
703.8093,
644.5508,
707.7125,
739.7393,
702.4388,
638.7942,
671.6287,
720.246,
729.8367,
763.2986,
747.607,
722.9313,
766.0458,
749.8594,
744.884,
744.6901,
779.37,
753.0704,
733.193,
768.6821,
679.2228,
740.0731,
712.9246,
705.8032,
742.4343,
721.6029,
788.8035,
745.8939,
757.2993,
721.9213,
739.5815,
762.7692,
736.9548,
712.6788,
714.2955,
694.5297,
737.207,
725.6479,
723.6161,
696.4312,
718.9722,
726.7236,
720.3807,
765.5292,
710.2975,
737.8953,
738.0121,
720.606,
718.7253,
728.1248,
751.2877,
567.9545,
752.7882,
712.5222,
739.2984,
780.1019,
765.882,
745.369,
692.7556,
751.6359,
695.5699,
729.6456,
735.64,
692.4743,
736.1041,
745.699,
737.2669,
675.4915,
721.4552,
745.6792,
717.4655,
760.8036,
692.1137,
746.7117,
704.7056,
766.3084,
727.9904,
757.1598,
710.1423,
766.663,
723.3406,
732.0714,
734.1054,
749.7602,
709.8687,
773.4818,
702.188,
780.8652,
639.4366,
728.6793,
730.6556,
694.0865,
714.5539,
726.9525,
708.7231,
670.5591,
759.1014,
724.7798,
710.6627,
756.0527,
757.8948,
753.6299,
709.1099,
740.5837,
706.8781,
707.5125,
743.5379,
694.0295,
686.2962,
