663.5864,
710.6444,
679.3462,
730.7429,
615.9585,
714.3599,
633.3318,
700.6615,
650.2396,
671.241,
680.817,
684.5086,
626.8623,
691.9829,
671.8492,
672.162,
673.8558,
688.8943,
683.7789,
690.8969,
689.4319,
682.971,
642.0919,
681.909,
667.9778,
662.2301,
661.498,
701.3251,
686.262,
677.9306,
681.2159,
679.6722,
654.2822,
699.2383,
665.1921,
695.011,
673.6402,
658.678,
655.1611,
661.3155,
657.5631,
658.0403,
643.9534,
675.3513,
700.7867,
677.5201,
692.6552,
655.513,
714.4057,
683.8137,
703.9648,
664.1556,
698.0146,
657.5936,
700.5139,
696.5104,
685.882,
674.3094,
688.621,
717.4152,
667.5466,
691.0613,
669.1159,
704.9595,
686.0491,
682.6629,
641.761,
668.4052,
714.1667,
659.28,
666.6575,
645.1423,
656.3356,
695.8469,
660.5593,
685.533,
695.0894,
655.9048,
663.9354,
650.2308,
689.3364,
687.9907,
677.613,
695.0587,
713.5447,
695.9393,
685.3778,
716.6064,
623.8074,
671.0577,
668.4357,
653.913,
704.0065,
671.6967,
689.7198,
647.712,
692.9604,
665.6528,
688.9727,
681.1539,
709.6733,
636.626,
685.4373,
644.5481,
669.4306,
675.3123,
703.5936,
645.8683,
700.5775,
744.3333,
684.7322,
640.8127,
681.9761,
637.8883,
696.7967,
697.1404,
693.5023,
697.1492,
653.6627,
645.9653,
684.8324,
680.7551,
674.9737,
633.0087,
653.3288,
714.4471,
669.8787,
698.0544,
665.1598,
682.1005,
666.6215,
689.9556,
724.2882,
694.8661,
604.4166,
656.2835,
635.0201,
657.6205,
636.6905,
691.673,
669.0087,
615.3893,
675.5993,
671.7429,
684.3854,
676.3921,
679.091,
681.816,
686.2011,
638.3431,
654.2879,
671.1537,
704.6135,
676.6264,
652.4073,
676.1296,
654.0063,
713.7183,
701.0165,
660.2858,
687.2661,
673.2348,
681.5218,
703.0208,
686.2139,
672.2401,
662.1725,
604.3777,
675.1191,
672.5278,
650.975,
648.4392,
672.2766,
695.223,
675.896,
689.1317,
714.9421,
698.5187,
673.0956,
672.14,
692.1818,
644.8712,
675.1818,
673.9672,
674.1807,
675.5865,
701.1678,
674.2463,
647.614,
677.4182,
650.3632,
673.4755,
669.7375,
673.6447,
631.9289,
639.5923,
702.9872,
722.5103,
668.4805,
626.9922,
693.2693,
677.5853,
703.8297,
668.2712,
679.2556,
702.5229,
682.1095,
674.3522,
672.6296,
696.7911,
651.5819,
695.7512,
712.8667,
641.479,
631.2916,
673.0311,
620.2609,
581.1755,
690.4791,
678.82,
663.1258,
673.0414,
726.5562,
719.5439,
664.2595,
676.4576,
630.5541,
657.0986,
721.8451,
702.0044,
677.189,
682.6577,
624.7813,
670.4975,
646.664,
690.5177,
625.7571,
692.724,
708.9772,
630.2134,
715.6029,
695.4276,
679.3434,
720.3668,
656.7665,
649.7795,
642.1309,
691.3571,
652.6703,
648.6932,
722.1276,
684.7098,
625.4155,
693.5455,
667.783,
676.474,
590.6087,
669.3916,
691.6486,
650.674,
679.6375,
691.7067,
659.7023,
660.2955,
699.0866,
673.0569,
705.8902,
710.3737,
697.7545,
650.1026,
670.1311,
660.5808,
701.9119,
682.4273,
735.7942,
690.6144,
670.6997,
685.3275,
642.6298,
715.6109,
706.6799,
679.1632,
632.2148,
702.049,
695.2282,
683.4322,
666.1223,
694.8234,
687.6396,
641.0402,
645.0576,
602.5381,
687.0984,
693.345,
672.1176,
723.5923,
705.1511,
656.8699,
678.2422,
670.6364,
678.0706,
668.0458,
683.5917,
690.7817,
661.424,
663.3914,
703.4747,
682.1383,
661.1641,
677.5782,
654.0786,
705.5201,
678.895,
680.6309,
694.4802,
625.5729,
677.5655,
678.5238,
677.8623,
651.3491,
638.7438,
709.3444,
702.2777,
650.1451,
685.4897,
708.0016,
668.6121,
676.5053,
630.3823,
701.7319,
690.0451,
726.5723,
676.5237,
697.0161,
646.41,
683.2333,
687.6121,
739.627,
686.4435,
675.7277,
676.8068,
680.3629,
669.3292,
681.8268,
641.1776,
671.5491,
687.0167,
664.7197,
669.3858,
649.282,
673.8527,
691.8141,
707.9235,
694.4371,
687.498,
724.7316,
705.731,
670.0923,
709.2625,
679.4465,
702.4553,
681.973,
661.2644,
647.6623,
704.3498,
713.1198,
654.8628,
694.5368,
668.4894,
667.9421,
696.5025,
656.0851,
684.85,
651.8768,
680.7433,
722.972,
679.0515,
675.5859,
660.5173,
680.0085,
685.421,
666.1455,
651.0358,
677.023,
645.2134,
705.4238,
683.3614,
662.8936,
699.9504,
635.1833,
704.5034,
668.2271,
651.3932,
691.7557,
690.9644,
666.9628,
666.9708,
678.3346,
685.5362,
665.8771,
630.9443,
676.4292,
621.9692,
670.3722,
697.6261,
678.3005,
693.0288,
670.5409,
658.154,
651.9988,
663.3298,
655.9839,
705.8464,
673.6122,
682.6183,
615.4342,
711.2559,
695.7991,
677.413,
697.2068,
683.371,
617.3982,
667.2131,
681.8113,
680.0641,
687.428,
706.1373,
683.1131,
626.4955,
685.1213,
654.037,
669.4793,
684.2546,
667.2058,
696.7944,
681.0002,
697.0737,
684.0706,
690.4664,
622.972,
685.3749,
698.6565,
628.2976,
642.572,
685.4423,
658.6818,
664.2787,
701.2759,
652.778,
690.1099,
704.0245,
698.066,
664.8852,
672.5987,
688.5562,
676.9955,
692.4971,
691.926,
666.8072,
681.0415,
700.4545,
699.7432,
636.6598,
684.1839,
658.6104,
677.9614,
679.6078,
697.051,
686.5164,
672.1274,
626.0756,
651.5352,
674.6968,
673.3506,
667.7219,
683.0487,
689.666,
690.8723,
639.4543,
653.9252,
686.2851,
682.2534,
664.3171,
631.4885,
674.0476,
703.7993,
709.545,
693.6785,
661.8105,
693.2463,
677.2955,
684.4209,
657.1896,
660.5851,
679.6271,
637.517,
627.3015,
711.7227,
666.712,
689.8334,
684.2423,
692.3297,
631.6938,
650.9855,
667.5933,
659.3834,
660.6628,
675.7667,
697.1923,
667.1083,
645.9678,
706.5162,
698.1179,
666.7233,
668.4488,
694.8425,
696.6642,
614.4617,
663.3868,
713.0359,
634.4974,
666.1319,
704.6247,
648.983,
661.3374,
640.8118,
682.1122,
641.3843,
697.6273,
695.0784,
628.1815,
671.0948,
655.2618,
653.5605,
680.2292,
703.9204,
661.8239,
656.8209,
667.8439,
695.4205,
685.9946,
630.5788,
704.158,
691.1797,
612.1673,
683.7781,
666.1847,
702.7571,
687.3045,
658.3013,
694.9026,
628.789,
622.4641,
701.4281,
699.8157,
708.8845,
702.4781,
704.9805,
725.7457,
694.2872,
693.803,
689.5686,
648.9656,
690.329,
647.2291,
695