799.7703,
747.4965,
778.8694,
817.2032,
737.3157,
754.3265,
770.2227,
781.9669,
769.5131,
838.1037,
771.3935,
772.7487,
797.4491,
802.1528,
816.8768,
817.3218,
808.2136,
806.595,
813.3698,
816.8439,
749.4542,
786.6647,
794.2924,
771.0732,
815.8789,
763.21,
793.9769,
765.1691,
807.0729,
823.795,
821.3682,
801.0472,
745.8674,
813.226,
716.1431,
756.3417,
720.0379,
793.507,
763.467,
794.6349,
794.8447,
759.0859,
794.7575,
800.9849,
784.0909,
773.1936,
772.3862,
791.3243,
750.8482,
790.6576,
754.8751,
777.3002,
788.5602,
793.0877,
797.8092,
818.6103,
773.6216,
798.4365,
824.9552,
755.8387,
795.9511,
828.5146,
794.5787,
799.0281,
789.3834,
750.8422,
774.44,
735.7959,
795.0518,
752.5206,
717.5563,
798.2108,
757.1888,
743.1191,
802.207,
792.9008,
812.6815,
815.8856,
824.8607,
810.0461,
737.2556,
787.5803,
760.8348,
779.2053,
793.5067,
781.5793,
795.1738,
801.0775,
816.5602,
734.1373,
814.856,
798.4071,
760.1036,
807.405,
731.3923,
790.6296,
786.0189,
821.1343,
781.597,
739.7347,
766.0433,
744.8526,
764.0143,
833.6408,
772.8173,
802.7757,
738.1355,
816.1906,
762.7303,
763.5688,
815.2798,
798.9319,
809.7487,
826.0125,
810.9249,
718.3555,
751.3701,
801.3311,
807.29,
766.8215,
770.509,
791.3321,
767.5585,
774.1379,
722.3885,
792.224,
802.004,
764.1331,
789.042,
799.6043,
809.7248,
804.438,
811.3256,
835.1377,
819.3215,
793.5447,
798.7186,
788.9909,
754.5896,
835.1223,
739.6591,
814.8444,
793.4742,
715.5049,
819.6273,
781.1222,
799.4727,
830.5673,
788.1237,
744.0429,
816.9701,
816.3792,
784.5082,
813.7966,
782.0952,
776.4427,
787.5806,
791.4755,
809.1635,
796.4069,
796.8868,
806.1288,
792.8902,
808.2235,
803.2136,
815.6478,
827.1698,
746.9717,
771.8585,
785.0533,
777.2775,
782.6546,
789.3422,
773.5905,
786.2339,
756.7947,
831.7208,
719.5335,
761.8169,
771.4106,
783.6564,
835.4742,
802.4402,
773.9755,
748.5148,
743.795,
764.2829,
744.6282,
799.8121,
773.9586,
803.8468,
856.5886,
803.5721,
778.1801,
812.2391,
793.6797,
787.2121,
807.3724,
788.2032,
779.5758,
805.928,
795.6696,
798.9698,
837.9208,
811.1306,
777.7222,
808.0425,
812.6679,
798.1386,
713.3296,
807.0296,
746.6346,
785.6339,
799.9655,
813.0216,
783.6093,
789.1752,
779.6561,
764.8317,
823.3452,
728.3451,
811.4207,
795.9282,
766.7679,
792.1073,
788.6974,
794.575,
828.9531,
820.4658,
778.355,
850.2981,
797.5467,
715.5233,
805.1454,
776.3314,
829.226,
785.6611,
777.8845,
834.9249,
804.2799,
818.3587,
730.2614,
766.7333,
828.6003,
810.5972,
794.7889,
792.7003,
820.4572,
813.0856,
792.0053,
786.8862,
736.8678,
802.3677,
740.0341,
737.8591,
813.1482,
841.546,
708.1426,
767.4684,
814.4573,
830.0272,
814.0498,
811.8176,
727.1959,
814.4827,
785.0476,
773.504,
807.2213,
799.915,
786.1611,
749.0064,
763.4903,
746.2033,
765.3127,
760.6999,
829.1554,
831.4409,
788.8763,
788.829,
788.5956,
831.532,
798.2789,
795.6415,
794.1912,
745.6902,
766.0906,
796.1193,
801.3254,
782.6582,
794.6783,
801.6384,
732.3959,
795.0025,
808.1329,
774.3387,
813.6151,
776.7254,
804.47,
851.5187,
789.209,
807.1284,
761.2532,
788.7706,
731.5136,
772.8007,
827.627,
776.7379,
771.2437,
753.7362,
804.9678,
783.6041,
716.3362,
846.7604,
798.3212,
803.1736,
774.6458,
785.7874,
725.3611,
811.4675,
712.396,
816.6124,
782.2056,
822.8821,
785.6638,
750.6946,
801.3951,
822.5121,
773.311,
772.0752,
769.8281,
752.4412,
801.39,
779.3172,
815.2424,
836.0797,
741.7507,
755.5564,
826.1877,
722.9893,
816.7371,
792.3396,
763.2443,
804.2838,
791.2157,
779.0867,
806.4488,
814.7437,
801.8619,
776.8992,
818.1037,
775.2322,
796.783,
791.0329,
788.0101,
774.9056,
800.3217,
803.1577,
681.2534,
737.6993,
765.3367,
776.218,
799.1241,
782.4595,
756.246,
808.5535,
736.2573,
793.1014,
785.334,
787.6041,
781.8281,
751.956,
767.1783,
766.7753,
797.9431,
728.6234,
802.9196,
831.0479,
799.8351,
781.8084,
744.6395,
796.1059,
788.3891,
751.6432,
774.0215,
749.5107,
763.2628,
744.6036,
790.0641,
758.4072,
824.9675,
747.7704,
797.1209,
792.1487,
784.5292,
801.1805,
791.0819,
779.9038,
767.6966,
844.7708,
807.6038,
815.2982,
766.2426,
794.3478,
784.1041,
814.2155,
821.7863,
812.5057,
804.7318,
824.7517,
845.7084,
805.654,
737.5442,
788.6243,
783.6822,
790.7349,
818.0283,
793.6483,
834.3809,
728.0404,
748.2815,
787.697,
762.8476,
802.1245,
797.8054,
784.6119,
752.9988,
788.9716,
779.3376,
786.2798,
808.4515,
714.4604,
761.1766,
682.6396,
797.212,
786.1746,
775.7502,
769.6896,
786.7767,
779.3345,
758.1754,
777.6215,
795.5737,
753.3737,
755.3583,
762.6675,
805.5236,
769.8283,
747.1765,
774.502,
793.5978,
779.0917,
751.201,
814.5039,
782.2422,
803.0964,
730.1943,
808.0829,
772.8731,
823.0986,
745.2371,
765.3764,
853.6296,
819.4849,
838.7602,
745.1299,
776.2096,
803.1687,
749.2742,
821.866,
771.0673,
806.0863,
773.8846,
811.3507,
795.1056,
808.1224,
718.5408,
770.4576,
760.0286,
788.648,
819.2797,
806.3226,
760.6812,
832.7413,
805.0259,
788.3595,
761.9922,
806.593,
807.1653,
818.0513,
795.1829,
768.214,
776.9046,
786.8997,
815.8647,
777.8688,
777.6071,
762.8021,
812.1718,
805.2202,
765.619,
764.4718,
782.9672,
792.3171,
757.1654,
811.9282,
799.9835,
789.1403,
762.723,
828.0637,
833.7705,
732.9091,
768.7153,
790.2575,
800.9053,
758.1822,
751.7363,
839.0035,
793.2872,
767.4105,
831.4969,
804.9764,
811.293,
789.5692,
777.0735,
798.9539,
753.0412,
809.6398,
796.6953,
779.0548,
772.0745,
812.8539,
799.3751,
806.0669,
786.9258,
788.5738,
784.6012,
762.7897,
809.3261,
764.1735,
755.5444,
791.6461,
819.4265,
805.022,
791.5881,
814.6753,
800.7231,
701.1942,
802.8517,
761.7617,
762.7162,
788.7482,
805.523,
792.5215,
750.6984,
840.7645,
839.7354,
774.7696,
723.4433,
783.1454,
733.3804,
810.2767,
765.7505,
793.159,
711.8904,