805.296,
820.6791,
726.23,
807.4163,
800.6116,
774.3707,
820.7073,
809.8494,
801.7893,
804.9166,
801.3063,
747.9604,
825.1869,
809.6631,
834.7162,
799.9705,
808.9028,
772.2377,
766.5398,
754.7518,
761.8281,
799.9602,
813.4297,
813.9869,
803.1304,
737.6393,
823.6929,
836.8956,
807.0522,
818.6232,
810.614,
800.5496,
823.3012,
806.3821,
790.2817,
754.1591,
823.3102,
792.7336,
835.6133,
792.8688,
829.566,
820.7673,
843.9627,
791.9208,
839.9234,
790.681,
783.1982,
862.1982,
753.3546,
784.7516,
770.7934,
814.8042,
748.2053,
789.7754,
730.8541,
817.8008,
821.8643,
833.0936,
876.1121,
811.5084,
804.0469,
834.3909,
844.6091,
815.0079,
760.4025,
805.2829,
854.8039,
799.3268,
791.8051,
808.5056,
793.8552,
790.5731,
780.6396,
812.217,
846.8189,
810.8375,
784.8771,
760.4924,
815.7892,
813.8992,
808.9239,
842.8449,
807.966,
802.6342,
818.0835,
820.8057,
828.3985,
820.1714,
803.2896,
808.6763,
791.3586,
841.9192,
822.6766,
840.7982,
859.7374,
857.4268,
832.3387,
854.6702,
827.1014,
816.6312,
778.6835,
831.7134,
822.7778,
797.5135,
761.9758,
820.8843,
769.8957,
826.5588,
794.7952,
810.5392,
807.3188,
804.6424,
843.4999,
774.8341,
815.6613,
798.3395,
822.7258,
800.4866,
802.8755,
847.7949,
846.099,
829.4199,
770.9178,
850.1655,
813.9041,
795.3259,
759.5811,
837.5994,
812.213,
787.7831,
848.3398,
786.9563,
822.7452,
784.5084,
838.9237,
773.4775,
764.8483,
798.4353,
861.6096,
819.6002,
807.4929,
832.6605,
853.8983,
800.2308,
800.8261,
781.7204,
825.2041,
797.3378,
827.4052,
791.1879,
842.0574,
822.8521,
814.5787,
812.7828,
776.6888,
842.9033,
776.0916,
792.4654,
780.3676,
792.3594,
815.0278,
778.1276,
829.1944,
802.6141,
784.8683,
777.9598,
770.0934,
870.384,
771.4832,
790.8732,
811.7048,
777.8496,
804.9512,
739.8287,
815.3224,
795.4716,
801.5062,
818.4591,
784.0563,
737.6932,
775.3705,
886.8004,
808.0294,
820.0452,
768.2519,
751.118,
839.6245,
811.9224,
756.9907,
867.7542,
793.864,
820.8178,
781.7316,
814.1868,
821.9002,
786.8375,
775.1978,
828.7332,
770.8043,
814.1644,
790.3395,
821.2416,
835.1144,
775.6902,
828.1224,
792.2597,
788.6001,
845.9215,
774.9891,
858.1321,
803.6589,
857.3311,
779.2037,
793.322,
833.472,
803.4307,
808.707,
776.0851,
769.3395,
843.5491,
796.2205,
803.36,
805.7239,
829.066,
814.9084,
807.0249,
804.9126,
808.217,
745.4771,
780.9155,
835.2344,
818.1473,
804.9625,
790.2369,
811.2071,
771.2869,
842.7094,
796.6625,
766.756,
815.7911,
821.4464,
811.4192,
794.5711,
803.2999,
813.0579,
851.9331,
791.4466,
814.3973,
835.1377,
760.199,
804.7921,
783.6007,
748.4451,
760.8926,
754.3187,
817.692,
848.6459,
712.2856,
818.1682,
808.1551,
833.8717,
823.7086,
802.3342,
815.4171,
807.2807,
889.3783,
790.2172,
819.2863,
809.2421,
818.5345,
797.403,
764.5231,
815.1858,
834.7376,
872.546,
845.8873,
840.2151,
766.5898,
776.933,
698.3478,
790.8059,
797.1124,
809.6083,
705.4991,
846.1274,
832.4705,
802.7764,
786.7039,
783.2024,
834.71,
781.1379,
805.1721,
776.0187,
795.5052,
838.7469,
828.8621,
801.4586,
832.6063,
832.6108,
837.2703,
783.7661,
797.116,
801.7718,
848.2143,
772.4926,
811.8156,
812.572,
803.0624,
753.7224,
836.0284,
797.0834,
832.3058,
790.1407,
823.738,
781.1566,
757.278,
710.9643,
770.8441,
834.4002,
788.1475,
790.9503,
772.251,
835.6702,
791.664,
796.2686,
795.2336,
757.0657,
808.1284,
810.5111,
790.5408,
836.3586,
764.6188,
845.4279,
797.8452,
847.3994,
800.1439,
831.1537,
873.311,
796.0439,
799.3188,
850.4583,
782.0998,
803.934,
807.658,
756.6628,
800.7328,
839.3539,
824.0389,
814.6279,
809.4866,
795.4113,
861.9539,
830.3061,
762.8253,
816.0738,
819.6581,
781.345,
795.7204,
767.2943,
792.9555,
817.957,
786.5233,
791.2479,
786.9102,
805.6525,
794.6534,
799.9396,
819.8966,
786.5377,
814.4771,
778.7101,
791.8464,
797.4691,
826.907,
795.365,
807.3508,
768.6411,
799.2697,
775.936,
756.5383,
808.7523,
759.7878,
821.2012,
813.2819,
836.6756,
786.107,
812.712,
814.3505,
795.0336,
813.5573,
804.8627,
838.9607,
791.9674,
846.6954,
815.1873,
843.5011,
798.955,
815.2598,
839.6197,
812.3307,
800.7919,
810.9831,
836.3218,
761.942,
834.0381,
833.8735,
815.1662,
805.0378,
790.1959,
810.9472,
833.9175,
813.6995,
805.437,
842.2504,
794.8198,
753.9616,
799.4711,
812.0132,
813.7746,
784.8628,
802.1005,
783.0341,
758.6268,
776.4753,
838.6118,
787.3849,
756.3633,
780.5374,
787.5001,
729.835,
846.0694,
810.9326,
853.3942,
807.3303,
853.1739,
808.0423,
807.3551,
796.3116,
803.983,
815.4183,
691.2788,
807.9713,
862.2144,
834.6577,
823.9197,
825.2784,
837.7497,
776.5228,
806.1205,
801.183,
817.3599,
785.8354,
778.9656,
803.2947,
807.0749,
772.5141,
830.9281,
827.0474,
805.9888,
810.2865,
823.7609,
777.2866,
795.031,
780.8912,
821.5105,
831.3244,
803.6258,
819.568,
864.2543,
813.9803,
857.1553,
842.0378,
848.4069,
821.6799,
783.5327,
836.5157,
824.4207,
822.7,
830.8286,
830.9735,
847.5573,
784.986,
825.0171,
816.6486,
834.7014,
826.4922,
759.3123,
797.9042,
822.4651,
854.7929,
840.8445,
816.7836,
810.3629,
778.7639,
818.3685,
775.7001,
827.2816,
843.5421,
834.6127,
845.5353,
813.1692,
789.8916,
775.6361,
813.3432,
811.2315,
789.636,
805.765,
780.64,
802.1819,
796.9218,
828.3953,
815.9188,
773.6306,
786.2598,
820.7004,
844.6937,
788.9969,
811.8831,
776.6271,
822.1208,
786.5897,
841.5032,
803.374,
763.273,
759.1385,
812.0471,
832.1548,
776.6099,
734.2211,
835.7034,
737.5271,
826.2045,
813.176,
839.2296,
846.6381,
788.282,
787.289,
869.3147,
783.4658,
775.9471,
787.2756,
808.0945,
826.345,
818.2987,
823.0723,
827.8688,
788.501,
793.421,
797.3203,
819.8337,
783.8063,
840.6566,
749.7426,
848.1206,
795.4307,
800.4507,
806.4879,
823.4449,
782.3555,
798.9359,
839.3655,
824.7368,
832.9347,
781.5048,
764.0524