695.9916,
685.2388,
719.7825,
675.8314,
707.9073,
695.4664,
647.1526,
670.5781,
693.8533,
672.0836,
665.0712,
674.4548,
704.9822,
676.6868,
682.9688,
690.0956,
696.0945,
691.1927,
662.4887,
657.4762,
673.7137,
646.9365,
686.6981,
662.3487,
620.8016,
660.7645,
707.2523,
692.453,
687.5319,
681.0498,
693.3698,
680.65,
714.594,
630.7852,
713.0331,
597.6974,
697.6824,
628.8063,
624.5818,
645.7637,
708.1992,
666.0167,
714.4819,
631.9288,
700.5349,
695.1141,
615.5397,
688.6646,
664.4491,
664.936,
625.3774,
658.6171,
657.815,
657.5801,
677.843,
691.5553,
679.5332,
676.6734,
643.9457,
674.6811,
659.5856,
677.6317,
718.8741,
692.7354,
671.4302,
684.3884,
650.3436,
672.6685,
645.5763,
672.5942,
718.0027,
694.8427,
683.1031,
675.0126,
709.266,
677.4421,
683.0477,
670.9944,
690.5257,
680.7552,
634.0943,
669.5064,
650.8902,
673.5212,
607.8299,
676.3589,
696.4611,
690.6599,
679.1226,
703.2859,
679.7529,
670.1433,
678.492,
683.6688,
673.0981,
672.0235,
687.7665,
689.048,
648.5418,
682.5203,
671.3827,
642.3194,
656.4506,
702.6926,
685.5918,
696.3806,
626.4012,
671.5506,
683.7704,
681.3105,
697.7289,
659.6466,
695.4298,
688.8416,
706.0872,
678.9755,
692.2685,
691.6973,
676.8834,
687.8116,
651.5399,
670.6729,
678.9224,
616.6413,
638.1161,
654.7976,
681.0988,
711.9047,
685.3021,
710.943,
687.3404,
758.3425,
677.05,
651.5851,
652.2556,
687.4318,
673.683,
699.3234,
686.344,
673.1131,
695.834,
668.6489,
699.1535,
573.3204,
715.003,
681.1456,
629.2434,
708.9304,
711.2699,
674.6817,
675.8787,
691.0108,
687.7717,
627.1374,
731.3087,
679.0349,
676.5278,
663.935,
707.6113,
656.353,
676.0205,
623.8339,
700.9225,
671.3646,
688.8024,
707.5138,
695.3459,
649.7159,
703.3517,
660.3816,
647.5519,
697.3071,
662.0654,
610.0178,
658.5983,
679.589,
699.4818,
662.2263,
670.3925,
705.1613,
654.853,
656.3348,
623.4852,
676.7217,
614.3889,
638.2814,
695.6876,
710.0235,
707.5972,
692.8653,
690.8269,
686.6757,
641.6497,
696.9645,
640.7547,
683.732,
644.0279,
670.1319,
694.0854,
682.3789,
667.8461,
681.0377,
665.1563,
671.931,
671.2064,
665.1144,
692.3784,
692.3416,
694.0266,
669.3138,
716.0925,
648.6584,
615.9488,
663.9564,
638.1444,
708.5693,
702.5667,
682.6129,
697.7226,
611.3218,
651.0197,
647.813,
696.223,
675.9025,
643.0707,
685.0914,
704.7776,
627.7827,
635.9763,
655.6607,
704.1646,
666.5175,
709.8312,
681.8521,
680.5737,
657.3397,
717.5559,
646.2006,
701.1388,
630.8683,
684.5403,
687.8649,
698.8184,
705.1463,
670.4218,
648.6257,
650.5034,
603.4252,
730.447,
651.9445,
623.1409,
713.3554,
662.8126,
678.6241,
658.7048,
663.5685,
634.1553,
706.0936,
694.4189,
698.1358,
681.1201,
702.9503,
668.223,
704.1747,
684.222,
633.9473,
718.6629,
675.8661,
698.762,
658.2899,
676.7091,
690.0284,
690.2637,
696.8571,
635.2646,
697.7473,
687.2469,
698.6038,
668.958,
667.1656,
723.0778,
698.4421,
682.0886,
701.9864,
665.0474,
678.9584,
682.6147,
616.0469,
701.9468,
659.6048,
675.2547,
689.6545,
673.0206,
673.4595,
685.678,
717.8614,
716.5878,
665.0089,
684.5313,
655.2404,
689.9274,
677.5256,
685.9722,
692.296,
658.0539,
708.5191,
664.9808,
649.6122,
667.9136,
639.7345,
662.9924,
674.3581,
734.1696,
711.6605,
661.8741,
675.1256,
668.3299,
629.4655,
671.9326,
705.0201,
709.4987,
649.5197,
697.0099,
711.2949,
634.9061,
670.4937,
700.9795,
651.6948,
701.647,
685.4103,
725.3008,
669.9118,
667.673,
691.1271,
657.0464,
657.1285,
635.9761,
651.7053,
624.2797,
679.3739,
701.8043,
685.1354,
669.5317,
689.8934,
690.2169,
690.0834,
700.4235,
691.3544,
681.8916,
700.6741,
676.2346,
677.1365,
673.3207,
693.2864,
678.9312,
601.5887,
654.0392,
659.3622,
671.8768,
693.5514,
700.5957,
639.471,
654.9581,
683.0963,
676.835,
704.6418,
654.6362,
631.1797,
695.4097,
651.7069,
692.3121,
679.3369,
673.2572,
676.0363,
693.8634,
704.2847,
648.1981,
659.6915,
652.7264,
694.3589,
694.1044,
688.6017,
671.0127,
683.3159,
696.6176,
679.8716,
699.0683,
714.6222,
686.7685,
618.3031,
680.642,
672.33,
687.4327,
702.4022,
642.8737,
693.6557,
657.4103,
684.9166,
693.9958,
617.6696,
707.4373,
654.4315,
699.4498,
654.8872,
599.9612,
710.826,
665.7756,
687.5558,
666.3762,
633.0858,
673.1393,
702.707,
674.3976,
719.6069,
659.1795,
678.1327,
692.6866,
648.4769,
668.8968,
719.9528,
684.0529,
699.2083,
705.3727,
685.9236,
685.1805,
698.3486,
692.5261,
619.0982,
703.0924,
701.3636,
642.7939,
638.8788,
680.5637,
661.0417,
708.85,
700.3058,
711.1463,
687.1769,
669.6831,
700.7422,
718.5792,
653.9354,
710.8234,
679.4105,
690.5307,
651.7668,
667.5342,
697.9365,
686.8867,
656.663,
650.1429,
671.7794,
672.344,
680.7125,
674.5434,
712.1301,
681.7913,
621.3495,
631.4048,
738.3962,
608.9785,
618.8911,
693.5484,
665.7333,
648.9103,
667.6234,
704.062,
678.551,
674.5941,
667.3224,
654.7137,
625.6503,
667.9317,
682.7145,
670.5162,
690.7639,
664.0714,
711.0613,
702.8397,
700.1478,
629.6813,
670.1698,
680.3229,
699.0864,
665.7321,
703.3884,
654.5891,
660.1401,
686.6719,
660.2286,
633.1042,
655.9287,
670.1669,
677.1088,
692.7586,
679.9184,
650.1012,
720.8903,
692.3071,
709.587,
657.0351,
685.4413,
712.9821,
619.2242,
673.3446,
665.2121,
721.0394,
646.7216,
684.5889,
686.6063,
693.8633,
658.894,
698.8085,
661.079,
642.4438,
694.6973,
630.9709,
667.3143,
672.0517,
688.3275,
690.7506,
669.6904,
643.3413,
683.5502,
701.2317,
664.8667,
676.7902,
640.6487,
714.0581,
623.0825,
662.8745,
694.728,
667.832,
671.8942,
645.1378,
690.7859,
719.9264,
626.5946,
640.9003,
601.4567,
683.3875,
684.2117,
659.4441,
698.7498,
668.9541,
665.5125,
637.1476,
677.2854,
739.3145,
636.3575,
668.7228,
695.5023,
698.2682,
659.3615,
679.6359,
632.3307,
651.5153,
683.8496,
685.7776,
662.6478,
652.6511,
667.5376,
649.8231,
684.8028,
643.6906,
676.5414,
725.3513,
687.9683,
674.7119,
719.149,
671.3009,
688.8322,
660.4663,
676.688,
680.2034,
681.3448,
658.4512,
655.9788,
668.8015,
702.5562,
665.0391,
670.9573,
651.1043,
671.3558,
649.7443,
699.2034,
688.7252,
690.736,
659.4053,
686.704,
691.1052,
675.5075,
692.7673,
676.1779,
653.1243,
683.7331,
644.3191,
685.1728,
708.657,
693.068,
440.3004,
