726.5842,
772.1824,
753.5356,
757.67,
755.7577,
773.8105,
787.1819,
724.1332,
738.5364,
795.3149,
719.5791,
731.4051,
803.9373,
766.9189,
697.007,
755.9366,
765.8934,
778.3113,
726.315,
761.759,
760.7863,
765.7196,
761.1791,
740.9566,
785.9663,
753.1523,
744.4124,
728.8381,
744.926,
744.6664,
699.4242,
750.2224,
780.3492,
694.4456,
769.1196,
706.7538,
755.6218,
752.6564,
753.5959,
749.0399,
785.506,
738.2241,
741.0914,
686.4328,
750.7607,
766.1595,
741.8795,
745.6519,
794.1548,
761.2231,
775.5798,
757.6757,
779.4437,
768.631,
725.1573,
762.2023,
758.7172,
766.2437,
734.0644,
735.0513,
702.2935,
745.5371,
758.9973,
731.4473,
741.8683,
740.562,
761.2964,
727.2893,
746.7302,
764.9164,
752.6021,
807.2491,
715.9703,
741.5791,
749.0106,
724.8342,
799.3092,
759.3813,
696.0179,
785.6384,
735.269,
740.1716,
709.1179,
776.1698,
726.8538,
762.7745,
740.3292,
704.3936,
761.8013,
798.2485,
777.9895,
712.688,
721.7515,
726.471,
718.9124,
729.0692,
771.0804,
739.2995,
751.365,
746.398,
762.5313,
769.7071,
700.496,
731.3494,
731.839,
766.838,
727.99,
745.8669,
750.6334,
758.1789,
741.1281,
777.4116,
727.827,
769.2601,
736.3264,
751.0406,
782.3476,
729.8829,
747.9931,
752.0482,
767.2601,
686.7154,
781.9161,
732.6353,
766.747,
716.6396,
744.806,
708.0981,
701.6605,
759.4764,
766.5204,
745.2046,
740.3993,
767.8431,
775.2797,
762.6179,
758.1465,
734.5749,
712.3074,
769.1395,
720.2965,
755.0043,
767.7752,
755.6942,
734.6473,
743.7974,
753.7985,
757.1613,
749.3069,
771.9288,
781.8631,
736.0533,
760.9373,
710.2888,
750.3948,
739.1608,
774.3578,
741.1959,
763.1227,
755.7753,
771.7142,
779.6323,
757.0938,
780.4128,
754.621,
778.0084,
744.0935,
732.7161,
758.0351,
752.8859,
762.1921,
769.0585,
758.7247,
733.8945,
773.9214,
769.6479,
757.7738,
740.3674,
745.637,
777.8135,
792.3974,
725.682,
726.8041,
732.4437,
641.1788,
735.4268,
748.8087,
740.1199,
758.2913,
780.2949,
741.5212,
763.9493,
734.3999,
772.5958,
726.0352,
777.2989,
753.4754,
752.919,
749.5817,
758.756,
777.1713,
733.6303,
734.3738,
719.23,
705.0983,
712.619,
701.5412,
755.649,
728.3958,
743.0194,
739.0566,
735.1457,
767.2267,
772.8163,
722.0187,
745.1625,
755.7894,
707.3154,
745.5839,
798.6603,
772.541,
749.507,
727.1996,
748.2952,
713.4877,
747.4156,
716.7621,
752.8987,
779.6544,
728.6644,
720.2043,
776.4694,
768.775,
745.1208,
722.1646,
735.3857,
715.9181,
758.5797,
772.3568,
730.494,
748.3085,
741.2216,
771.3283,
737.3542,
731.7867,
753.1986,
742.6426,
762.1809,
737.146,
716.5791,
762.1465,
764.6591,
697.0813,
741.8766,
749.7426,
756.065,
723.1797,
755.686,
755.6394,
742.5215,
751.1902,
693.625,
705.9935,
714.2057,
740.8829,
762.4434,
765.1475,
789.071,
729.9635,
771.569,
738.4673,
735.4006,
759.2363,
795.322,
764.711,
773.1152,
712.1874,
761.2538,
729.1586,
781.0623,
761.6033,
736.2129,
768.3591,
783.7131,
747.3331,
660.2643,
701.3104,
783.0828,
670.5624,
730.9186,
750.9324,
731.4342,
709.4555,
749.8766,
710.1556,
758.3503,
765.6476,
694.6887,
735.9009,
747.3132,
768.21,
757.7526,
742.6912,
698.8796,
749.9601,
769.0087,
742.4293,
749.4722,
718.6316,
758.9683,
750.9634,
746.8906,
774.5318,
795.3128,
742.7344,
774.6941,
688.1749,
739.397,
745.663,
672.8773,
742.2672,
761.9945,
705.7953,
720.2885,
768.0961,
759.1036,
752.3773,
715.7732,
732.7432,
758.8818,
776.6967,
755.1003,
734.1523,
738.3828,
746.8804,
746.1401,
782.3739,
709.8229,
727.0114,
755.36,
724.5455,
790.1793,
749.025,
709.5949,
755.2362,
766.8351,
780.6252,
765.7867,
773.2653,
686.6481,
773.3296,
732.1943,
768.2905,
750.5312,
759.9255,
649.208,
759.7775,
731.1891,
752.5771,
760.9954,
746.4446,
766.3588,
737.4659,
758.778,
752.7336,
758.2756,
720.8276,
767.0079,
723.0121,
736.8666,
747.482,
738.5562,
755.2042,
735.1016,
768.0368,
713.8604,
791.0684,
745.7165,
734.0195,
758.2608,
773.9107,
752.98,
731.6684,
769.3979,
720.5932,
731.6968,
715.0885,
775.8245,
751.5712,
744.5218,
791.8295,
728.7856,
686.7039,
719.3735,
745.5483,
659.0648,
790.8008,
759.176,
712.5358,
736.5096,
716.8936,
783.043,
726.4308,
749.3652,
759.4943,
739.9557,
735.228,
760.5121,
750.7041,
740.3713,
761.5897,
774.4329,
733.3012,
731.771,
795.0255,
799.8081,
759.683,
779.6575,
777.3002,
757.7588,
753.3812,
739.1981,
773.7101,
735.4202,
719.7299,
742.9389,
753.6453,
736.2075,
760.2397,
719.3996,
705.4338,
657.6938,
758.6015,
724.3459,
741.8116,
711.1947,
805.2109,
755.7343,
773.9636,
761.1332,
772.9323,
766.2287,
736.0302,
714.6475,
754.7328,
756.3303,
782.8815,
780.0663,
751.1463,
772.4935,
729.7787,
791.2688,
751.6269,
746.0038,
711.371,
751.4301,
770.0046,
724.3149,
695.2537,
727.0297,
754.2859,
778.8864,
724.4967,
747.8722,
699.2423,
770.0328,
678.3318,
794.5114,
713.9263,
719.583,
723.9752,
769.7575,
735.6248,
729.9005,
726.9066,
753.2927,
794.0961,
752.4056,
774.415,
740.1199,
744.3646,
781.9321,
723.3591,
766.7085,
750.7206,
767.7213,
763.0493,
742.6953,
746.0827,
751.9653,
758.2056,
729.5715,
798.6218,
763.2303,
747.3699,
782.3174,
717.7401,
788.1697,
777.8534,
723.8694,
775.8745,
758.92,
778.4802,
668.7094,
705.0685,
756.0211,
735.1786,
793.0701,
690.3528,
722.2202,
729.3422,
743.1126,
743.6565,
759.3921,
749.2037,
761.576,
780.5403,
786.195,
705.6824,
725.1993,
757.3627,
739.8757,
750.2993,
769.7752,
791.1832,
776.2597,
790.3378,
788.2016,
775.8834,
682.2047,
773.2791,
747.0012,
729.1164,
741.6851,
765.5868,
735.8981,
754.7566,
708.2662,
780.7826,
727.6525,
711.7027,
742.6096,
710.9528,
757.0276,
753.2357,
742.937,
744.1785,
761.8936,
728.744,
762.3707,
762.4998,
768.3409,
744.3779,
657.52,
769.8906,
741.0621,
705.3315,
720.2915,
736.438,
735.1092,
736.8764,
739.652,
776.5003,
761.384,
732.3701,
763