643.9941,
719.9009,
679.0414,
724.5959,
729.4179,
746.9056,
737.0463,
725.204,
681.5773,
730.9432,
685.1027,
713.4003,
708.7838,
704.439,
752.7203,
716.0798,
746.2928,
772.0969,
697.9653,
722.3633,
738.9905,
720.9355,
731.7697,
739.4529,
711.3146,
716.0801,
737.4254,
719.0908,
719.6726,
747.6063,
705.9951,
719.2878,
718.4375,
747.3246,
744.5712,
696.5513,
724.8403,
688.4807,
755.1937,
698.7813,
708.5522,
662.5754,
723.9109,
734.2778,
735.9385,
715.1761,
759.2739,
735.0332,
661.5622,
740.8258,
753.3528,
709.9758,
709.6305,
665.0865,
728.6992,
642.9059,
729.1645,
704.0368,
726.3785,
742.0023,
695.9944,
677.4031,
741.1381,
688.5479,
722.6708,
724.0006,
725.9073,
708.6681,
715.5278,
665.4841,
700.2723,
704.6561,
757.6587,
744.0024,
670.4084,
713.8602,
716.3459,
744.0854,
712.3379,
730.3542,
682.3956,
715.4649,
696.3264,
664.6654,
699.7187,
735.1693,
739.2576,
717.3815,
697.4954,
709.8818,
728.5157,
693.0117,
713.8085,
749.1517,
720.0776,
704.6798,
742.5701,
718.2105,
721.4204,
751.0608,
745.8544,
718.7892,
709.3184,
661.5793,
705.6894,
741.0206,
745.8429,
697.9984,
718.9332,
704.5357,
724.3047,
652.8898,
715.3047,
662.4547,
720.1866,
733.9653,
728.7888,
694.4286,
693.3847,
768.7126,
769.9401,
677.7702,
643.465,
690.7753,
668.337,
723.6757,
719.7812,
698.0021,
711.7568,
720.5073,
725.4525,
729.5966,
753.3009,
724.824,
742.9408,
736.0703,
742.5233,
739.6998,
712.3347,
716.9042,
725.4097,
739.8285,
711.6494,
763.1465,
701.7188,
745.8582,
696.4614,
729.3757,
695.0712,
724.7682,
701.1227,
624.1577,
730.6695,
691.0242,
723.6481,
730.6957,
734.1274,
706.7913,
710.883,
690.6333,
807.0842,
720.4243,
729.0032,
723.913,
758.449,
686.6956,
700.605,
717.83,
705.735,
688.5173,
749.2995,
710.0759,
709.3464,
715.0361,
756.1641,
679.3746,
677.1654,
745.9724,
724.7073,
700.406,
718.3174,
711.6465,
715.9528,
746.4026,
725.6284,
680.9902,
736.4241,
710.4426,
697.2338,
662.6177,
742.5275,
712.6743,
643.072,
738.1787,
692.0502,
749.3657,
709.639,
707.4225,
720.5659,
691.5698,
684.0764,
700.4365,
665.8314,
683.3368,
696.2449,
699.3259,
712.1155,
745.6274,
732.4023,
754.1604,
712.9901,
703.124,
718.7784,
718.4427,
753.9463,
702.0767,
670.112,
719.8845,
741.7089,
724.3301,
714.6392,
689.0266,
711.7399,
739.7028,
705.1061,
730.2742,
713.1957,
716.083,
694.5577,
718.8305,
736.6436,
735.8909,
728.3381,
714.8226,
731.3088,
714.6099,
710.0832,
689.0146,
726.8074,
698.128,
746.6967,
692.2193,
755.4348,
701.6597,
728.0249,
722.0699,
691.5521,
712.0331,
724.6786,
744.8673,
704.4996,
716.9155,
713.3153,
732.9202,
684.5164,
684.4707,
720.5994,
688.496,
699.2246,
733.413,
724.6762,
667.8774,
700.9588,
712.3887,
731.2808,
692.2116,
643.6829,
656.3643,
690.6069,
742.6634,
725.8483,
736.033,
762.1135,
714.1133,
727.7666,
705.9641,
700.7622,
734.612,
724.9326,
713.1778,
698.05,
759.215,
754.4554,
681.8832,
733.5831,
716.5863,
711.0323,
733.4022,
746.3226,
734.2681,
738.4631,
747.9638,
681.2735,
745.3265,
723.9561,
686.0763,
710.7301,
764.3956,
698.6544,
723.2794,
712.4471,
727.7177,
700.2634,
743.4863,
711.8638,
705.1857,
715.9427,
711.046,
737.4106,
700.4675,
680.6445,
729.1912,
695.4446,
706.915,
713.8593,
696.466,
686.9009,
727.8405,
710.8212,
687.2128,
698.654,
738.9436,
738.7639,
735.5336,
752.0501,
687.2987,
707.4229,
703.5511,
690.2219,
664.9392,
736.7113,
701.2245,
752.0725,
766.7446,
723.2599,
706.22,
757.0029,
712.0087,
722.4347,
676.3589,
701.0683,
733.6252,
753.7208,
720.0694,
704.7906,
692.3663,
730.5502,
777.2219,
720.1521,
710.8168,
701.7335,
738.4772,
646.6784,
699.347,
697.7847,
763.4875,
729.6556,
681.0822,
727.0777,
707.0728,
741.4932,
728.6574,
752.819,
709.504,
711.5765,
716.1617,
733.0504,
702.4619,
710.7401,
710.9613,
742.6527,
676.4094,
722.1529,
729.3777,
761.8465,
756.2969,
682.9653,
679.1341,
729.5187,
738.6718,
703.7429,
632.8681,
722.6785,
713.7851,
736.0343,
745.1849,
657.9287,
751.5842,
750.2187,
695.6055,
669.3153,
666.5759,
700.5862,
644.5392,
755.0228,
692.5108,
726.4479,
730.2139,
707.1549,
753.1567,
728.9791,
751.2747,
734.049,
661.7244,
713.2129,
767.3535,
743.014,
717.1016,
704.1517,
744.0253,
710.419,
717.7147,
720.9338,
722.683,
682.709,
725.4378,
668.3352,
719.7815,
738.1072,
726.6058,
699.9507,
674.9741,
724.535,
690.8938,
694.0115,
732.8381,
712.8186,
681.0315,
668.5026,
691.986,
732.8875,
702.3042,
739.891,
740.0865,
671.455,
670.5573,
687.2545,
728.793,
701.191,
690.1808,
736.4703,
731.6934,
701.9592,
694.5305,
742.5911,
730.7954,
719.84,
750.1455,
731.0183,
697.3065,
707.4193,
726.6654,
754.6025,
721.5731,
676.1126,
733.8766,
704.0463,
698.279,
722.4583,
716.6796,
735.8414,
706.8664,
717.5153,
711.8646,
719.4255,
762.1099,
699.9373,
719.4819,
734.0173,
676.2787,
701.4125,
716.5052,
710.7365,
729.538,
645.7217,
726.5258,
717.1273,
723.1457,
764.5084,
728.8259,
729.0985,
705.2568,
718.8787,
737.5405,
714.2728,
702.0872,
664.2561,
658.9856,
702.3553,
710.6782,
731.3269,
686.6194,
706.6902,
730.8563,
773.9172,
732.4038,
729.6955,
749.4678,
680.1781,
746.3752,
724.9709,
717.5198,
726.0767,
750.9248,
720.3878,
735.4526,
711.9496,
687.6516,
666.6237,
709.2347,
691.6373,
718.1228,
742.5556,
702.5274,
700.2639,
709.3219,
734.222,
738.5214,
705.6987,
715.1008,
709.0405,
699.4026,
716.3888,
742.4134,
734.3093,
733.712,
718.4409,
747.5757,
688.6821,
696.5712,
695.8934,
710.9407,
701.9314,
636.7164,
692.3923,
711.401,
719.9757,
760.0117,
726.1362,
690.845,
731.3428,
730.1746,
714.655,
719.3823,
725.7911,
640.6837,
694.4142,
753.7146,
662.2528,
740.8602,
719.0818,
726.3544,
737.0993,
695.6326,
744.4813,
670.4634,
736.1716,
738.7461,
729.9716,
706.0827,
762.1799,
742.1176,
746.1375,
720.8264,
722.356,
751.0938,
694.5203,
691.8694,
692.9662,
723.9683,
698.3869,
743.7053,
714.8493,
710.497,
700.2889,
703.0457,
732.4307,
757.4084,
703.7841,
714.866,
703.5909,
716.3296,
705.6807,
694.0293,
708.996,
745.0753,
662.9613,
755.6976,
703.2023,
690.8273,
737.1741,
753.9287,
764.478,
706.3777,
746.6953,
698.2023,
597.0559,
702.8101,
733.3069,
660.2523,
356.7052,
